0.000000 -112.5938
0.001333 -112.5938
0.002667 -112.5938
0.004000 112.4063
0.005333 113.4063
0.006667 112.4063
0.008000 -112.5938
0.009333 -112.5938
0.010667 -112.5938
0.012000 -112.5938
0.013333 112.4063
0.014667 112.4063
0.016000 112.4063
0.017333 -112.5938
0.018667 -112.5938
0.020000 -112.5938
0.021333 113.4063
0.022667 113.4063
0.024000 112.4063
0.025333 113.4063
0.026667 -112.5938
0.028000 -112.5938
0.029333 -112.5938
0.030667 112.4063
0.032000 112.4063
0.033333 113.4063
0.034667 112.4063
0.036000 -112.5938
0.037333 -112.5938
0.038667 -112.5938
0.040000 112.4063
0.041333 112.4063
0.042667 112.4063
0.044000 -112.5938
0.045333 -112.5938
0.046667 -112.5938
0.048000 -112.5938
0.049333 112.4063
0.050667 112.4063
0.052000 112.4063
0.053333 -112.5938
0.054667 -112.5938
0.056000 -112.5938
0.057333 -112.5938
0.058667 112.4063
0.060000 112.4063
0.061333 112.4063
0.062667 -112.5938
0.064000 -112.5938
0.065333 -112.5938
0.066667 113.4063
0.068000 112.4063
0.069333 113.4063
0.070667 112.4063
0.072000 -112.5938
0.073333 -112.5938
0.074667 -112.5938
0.076000 112.4063
0.077333 112.4063
0.078667 112.4063
0.080000 112.4063
0.081333 -112.5938
0.082667 -112.5938
0.084000 -112.5938
0.085333 112.4063
0.086667 112.4063
0.088000 112.4063
0.089333 -112.5938
0.090667 -112.5938
0.092000 -112.5938
0.093333 -112.5938
0.094667 112.4063
0.096000 113.4063
0.097333 112.4063
0.098667 -112.5938
0.100000 -112.5938
0.101333 -112.5938
0.102667 -112.5938
0.104000 112.4063
0.105333 112.4063
0.106667 113.4063
0.108000 -112.5938
0.109333 -112.5938
0.110667 -112.5938
0.112000 113.4063
0.113333 112.4063
0.114667 112.4063
0.116000 112.4063
0.117333 -112.5938
0.118667 -112.5938
0.120000 -112.5938
0.121333 113.4063
0.122667 112.4063
0.124000 112.4063
0.125333 112.4063
0.126667 -112.5938
0.128000 -112.5938
0.129333 -112.5938
0.130667 112.4063
0.132000 112.4063
0.133333 112.4063
0.134667 -112.5938
0.136000 -112.5938
0.137333 -112.5938
0.138667 -112.5938
0.140000 112.4063
0.141333 112.4063
0.142667 112.4063
0.144000 -112.5938
0.145333 -112.5938
0.146667 -112.5938
0.148000 -112.5938
0.149333 112.4063
0.150667 112.4063
0.152000 112.4063
0.153333 -112.5938
0.154667 -112.5938
0.156000 -112.5938
0.157333 112.4063
0.158667 112.4063
0.160000 112.4063
0.161333 113.4063
0.162667 -112.5938
0.164000 -112.5938
0.165333 -112.5938
0.166667 112.4063
0.168000 112.4063
0.169333 112.4063