0.000000 472.2422
0.001333 472.2422
0.002667 47.2422
0.004000 -550.7578
0.005333 -550.7578
0.006667 -550.7578
0.008000 472.2422
0.009333 472.2422
0.010667 472.2422
0.012000 -550.7578
0.013333 -550.7578
0.014667 -550.7578
0.016000 -550.7578
0.017333 472.2422
0.018667 472.2422
0.020000 472.2422
0.021333 472.2422
0.022667 -550.7578
0.024000 -550.7578
0.025333 -550.7578
0.026667 472.2422
0.028000 472.2422
0.029333 472.2422
0.030667 -550.7578
0.032000 -550.7578
0.033333 -550.7578
0.034667 472.2422
0.036000 472.2422
0.037333 472.2422
0.038667 472.2422
0.040000 472.2422
0.041333 -550.7578
0.042667 -550.7578
0.044000 472.2422
0.045333 472.2422
0.046667 472.2422
0.048000 -550.7578
0.049333 -550.7578
0.050667 -550.7578
0.052000 -550.7578
0.053333 472.2422
0.054667 472.2422
0.056000 472.2422
0.057333 472.2422
0.058667 -550.7578
0.060000 -550.7578
0.061333 -550.7578
0.062667 472.2422
0.064000 472.2422
0.065333 472.2422
0.066667 -550.7578
0.068000 -550.7578
0.069333 -550.7578
0.070667 -550.7578
0.072000 472.2422
0.073333 472.2422
0.074667 472.2422
0.076000 472.2422
0.077333 -550.7578
0.078667 -550.7578
0.080000 57.2422
0.081333 472.2422
0.082667 472.2422
0.084000 472.2422
0.085333 -550.7578
0.086667 -550.7578
0.088000 -550.7578
0.089333 -550.7578
0.090667 472.2422
0.092000 472.2422
0.093333 472.2422
0.094667 394.2422
0.096000 -550.7578
0.097333 -550.7578
0.098667 472.2422
0.100000 472.2422
0.101333 472.2422
0.102667 472.2422
0.104000 -550.7578
0.105333 -550.7578
0.106667 -550.7578
0.108000 472.2422
0.109333 472.2422
0.110667 472.2422
0.112000 277.2422
0.113333 -550.7578
0.114667 -550.7578
0.116000 -550.7578
0.117333 472.2422
0.118667 472.2422
0.120000 472.2422
0.121333 472.2422
0.122667 -550.7578
0.124000 -550.7578
0.125333 -550.7578
0.126667 472.2422
0.128000 472.2422
0.129333 472.2422
0.130667 -550.7578
0.132000 -550.7578
0.133333 -550.7578
0.134667 -550.7578
0.136000 472.2422
0.137333 472.2422
0.138667 472.2422
0.140000 472.2422
0.141333 -550.7578
0.142667 -550.7578
0.144000 -550.7578
0.145333 472.2422
0.146667 472.2422
0.148000 472.2422
0.149333 -550.7578
0.150667 -550.7578
0.152000 -550.7578
0.153333 472.2422
0.154667 472.2422
0.156000 472.2422
0.157333 472.2422
0.158667 472.2422
0.160000 -550.7578
0.161333 -550.7578
0.162667 472.2422
0.164000 472.2422
0.165333 472.2422
0.166667 -550.7578
0.168000 -550.7578
0.169333 -550.7578