0.000000 104.8516
0.001333 -119.1484
0.002667 -119.1484
0.004000 104.8516
0.005333 -119.1484
0.006667 -119.1484
0.008000 104.8516
0.009333 -119.1484
0.010667 -119.1484
0.012000 104.8516
0.013333 -119.1484
0.014667 -119.1484
0.016000 103.8516
0.017333 -119.1484
0.018667 -119.1484
0.020000 104.8516
0.021333 116.8516
0.022667 -119.1484
0.024000 104.8516
0.025333 104.8516
0.026667 -119.1484
0.028000 104.8516
0.029333 104.8516
0.030667 -119.1484
0.032000 104.8516
0.033333 104.8516
0.034667 -119.1484
0.036000 104.8516
0.037333 103.8516
0.038667 -119.1484
0.040000 103.8516
0.041333 104.8516
0.042667 -119.1484
0.044000 104.8516
0.045333 104.8516
0.046667 -119.1484
0.048000 104.8516
0.049333 104.8516
0.050667 -119.1484
0.052000 104.8516
0.053333 104.8516
0.054667 -119.1484
0.056000 104.8516
0.057333 104.8516
0.058667 -119.1484
0.060000 104.8516
0.061333 104.8516
0.062667 -119.1484
0.064000 104.8516
0.065333 104.8516
0.066667 -119.1484
0.068000 104.8516
0.069333 104.8516
0.070667 -119.1484
0.072000 -119.1484
0.073333 104.8516
0.074667 -119.1484
0.076000 -119.1484
0.077333 104.8516
0.078667 -119.1484
0.080000 -119.1484
0.081333 104.8516
0.082667 -119.1484
0.084000 -119.1484
0.085333 104.8516
0.086667 -119.1484
0.088000 -119.1484
0.089333 104.8516
0.090667 -119.1484
0.092000 -119.1484
0.093333 104.8516
0.094667 -119.1484
0.096000 -119.1484
0.097333 104.8516
0.098667 -119.1484
0.100000 -119.1484
0.101333 104.8516
0.102667 -119.1484
0.104000 -119.1484
0.105333 104.8516
0.106667 -119.1484
0.108000 -119.1484
0.109333 104.8516
0.110667 -119.1484
0.112000 -119.1484
0.113333 104.8516
0.114667 -119.1484
0.116000 -119.1484
0.117333 104.8516
0.118667 116.8516
0.120000 -119.1484
0.121333 104.8516
0.122667 104.8516
0.124000 -119.1484
0.125333 104.8516
0.126667 104.8516
0.128000 -119.1484
0.129333 104.8516
0.130667 104.8516
0.132000 -119.1484
0.133333 104.8516
0.134667 104.8516
0.136000 -119.1484
0.137333 104.8516
0.138667 104.8516
0.140000 -119.1484
0.141333 104.8516
0.142667 104.8516
0.144000 -119.1484
0.145333 104.8516
0.146667 104.8516
0.148000 -119.1484
0.149333 104.8516
0.150667 103.8516
0.152000 -119.1484
0.153333 104.8516
0.154667 104.8516
0.156000 -119.1484
0.157333 104.8516
0.158667 104.8516
0.160000 -119.1484
0.161333 103.8516
0.162667 104.8516
0.164000 -119.1484
0.165333 105.8516
0.166667 103.8516
0.168000 -119.1484
0.169333 -119.1484