0.000000 462.7031
0.001333 462.7031
0.002667 -560.2969
0.004000 462.7031
0.005333 462.7031
0.006667 -560.2969
0.008000 462.7031
0.009333 462.7031
0.010667 -560.2969
0.012000 462.7031
0.013333 462.7031
0.014667 -560.2969
0.016000 462.7031
0.017333 462.7031
0.018667 -560.2969
0.020000 462.7031
0.021333 462.7031
0.022667 -560.2969
0.024000 462.7031
0.025333 462.7031
0.026667 -560.2969
0.028000 462.7031
0.029333 462.7031
0.030667 -560.2969
0.032000 462.7031
0.033333 462.7031
0.034667 -560.2969
0.036000 462.7031
0.037333 462.7031
0.038667 -560.2969
0.040000 -560.2969
0.041333 462.7031
0.042667 -560.2969
0.044000 -560.2969
0.045333 462.7031
0.046667 -560.2969
0.048000 -454.2969
0.049333 462.7031
0.050667 -560.2969
0.052000 -392.2969
0.053333 462.7031
0.054667 -560.2969
0.056000 -560.2969
0.057333 462.7031
0.058667 -560.2969
0.060000 -560.2969
0.061333 462.7031
0.062667 -560.2969
0.064000 -560.2969
0.065333 462.7031
0.066667 -560.2969
0.068000 -560.2969
0.069333 462.7031
0.070667 -560.2969
0.072000 -560.2969
0.073333 462.7031
0.074667 -560.2969
0.076000 -560.2969
0.077333 462.7031
0.078667 -560.2969
0.080000 -560.2969
0.081333 462.7031
0.082667 -560.2969
0.084000 -560.2969
0.085333 462.7031
0.086667 -560.2969
0.088000 -560.2969
0.089333 462.7031
0.090667 112.7031
0.092000 -560.2969
0.093333 462.7031
0.094667 462.7031
0.096000 -560.2969
0.097333 462.7031
0.098667 462.7031
0.100000 -560.2969
0.101333 462.7031
0.102667 92.7031
0.104000 -560.2969
0.105333 462.7031
0.106667 462.7031
0.108000 -560.2969
0.109333 462.7031
0.110667 462.7031
0.112000 -560.2969
0.113333 462.7031
0.114667 462.7031
0.116000 -560.2969
0.117333 462.7031
0.118667 462.7031
0.120000 -560.2969
0.121333 462.7031
0.122667 462.7031
0.124000 -560.2969
0.125333 462.7031
0.126667 462.7031
0.128000 -560.2969
0.129333 462.7031
0.130667 462.7031
0.132000 -560.2969
0.133333 462.7031
0.134667 462.7031
0.136000 -560.2969
0.137333 462.7031
0.138667 462.7031
0.140000 -560.2969
0.141333 450.7031
0.142667 462.7031
0.144000 -560.2969
0.145333 462.7031
0.146667 462.7031
0.148000 -560.2969
0.149333 462.7031
0.150667 462.7031
0.152000 -560.2969
0.153333 462.7031
0.154667 462.7031
0.156000 -560.2969
0.157333 462.7031
0.158667 462.7031
0.160000 -560.2969
0.161333 -536.2969
0.162667 462.7031
0.164000 -560.2969
0.165333 -447.2969
0.166667 462.7031
0.168000 -560.2969
0.169333 -131.2969