0.000000 110.8984
0.001333 110.8984
0.002667 110.8984
0.004000 -114.1016
0.005333 -114.1016
0.006667 109.8984
0.008000 110.8984
0.009333 110.8984
0.010667 -114.1016
0.012000 -114.1016
0.013333 110.8984
0.014667 110.8984
0.016000 110.8984
0.017333 -114.1016
0.018667 -114.1016
0.020000 110.8984
0.021333 110.8984
0.022667 109.8984
0.024000 -114.1016
0.025333 -114.1016
0.026667 -114.1016
0.028000 110.8984
0.029333 110.8984
0.030667 -114.1016
0.032000 -114.1016
0.033333 -114.1016
0.034667 110.8984
0.036000 110.8984
0.037333 -114.1016
0.038667 -114.1016
0.040000 -114.1016
0.041333 110.8984
0.042667 110.8984
0.044000 -114.1016
0.045333 -114.1016
0.046667 -114.1016
0.048000 110.8984
0.049333 110.8984
0.050667 -114.1016
0.052000 -114.1016
0.053333 -114.1016
0.054667 110.8984
0.056000 110.8984
0.057333 110.8984
0.058667 -114.1016
0.060000 -114.1016
0.061333 110.8984
0.062667 109.8984
0.064000 110.8984
0.065333 -114.1016
0.066667 -114.1016
0.068000 110.8984
0.069333 109.8984
0.070667 110.8984
0.072000 -114.1016
0.073333 -114.1016
0.074667 109.8984
0.076000 110.8984
0.077333 110.8984
0.078667 -114.1016
0.080000 -114.1016
0.081333 -114.1016
0.082667 110.8984
0.084000 110.8984
0.085333 -114.1016
0.086667 -114.1016
0.088000 -114.1016
0.089333 110.8984
0.090667 109.8984
0.092000 -114.1016
0.093333 -114.1016
0.094667 -114.1016
0.096000 110.8984
0.097333 110.8984
0.098667 -114.1016
0.100000 -114.1016
0.101333 -114.1016
0.102667 109.8984
0.104000 110.8984
0.105333 109.8984
0.106667 -114.1016
0.108000 -114.1016
0.109333 110.8984
0.110667 110.8984
0.112000 109.8984
0.113333 -114.1016
0.114667 -114.1016
0.116000 110.8984
0.117333 110.8984
0.118667 109.8984
0.120000 -114.1016
0.121333 -114.1016
0.122667 109.8984
0.124000 109.8984
0.125333 109.8984
0.126667 -114.1016
0.128000 -114.1016
0.129333 110.8984
0.130667 110.8984
0.132000 109.8984
0.133333 -114.1016
0.134667 -114.1016
0.136000 -114.1016
0.137333 110.8984
0.138667 109.8984
0.140000 -114.1016
0.141333 -114.1016
0.142667 -114.1016
0.144000 110.8984
0.145333 109.8984
0.146667 -114.1016
0.148000 -114.1016
0.149333 -114.1016
0.150667 109.8984
0.152000 110.8984
0.153333 -114.1016
0.154667 -114.1016
0.156000 -114.1016
0.157333 110.8984
0.158667 110.8984
0.160000 110.8984
0.161333 -114.1016
0.162667 -114.1016
0.164000 109.8984
0.165333 109.8984
0.166667 109.8984
0.168000 -114.1016
0.169333 -114.1016
