0.000000 426.1172
0.001333 -596.8828
0.002667 -596.8828
0.004000 426.1172
0.005333 426.1172
0.006667 426.1172
0.008000 -596.8828
0.009333 -596.8828
0.010667 426.1172
0.012000 426.1172
0.013333 426.1172
0.014667 -596.8828
0.016000 -596.8828
0.017333 426.1172
0.018667 426.1172
0.020000 426.1172
0.021333 102.1172
0.022667 -596.8828
0.024000 -596.8828
0.025333 426.1172
0.026667 426.1172
0.028000 -596.8828
0.029333 -596.8828
0.030667 -596.8828
0.032000 426.1172
0.033333 426.1172
0.034667 426.1172
0.036000 -596.8828
0.037333 -596.8828
0.038667 426.1172
0.040000 426.1172
0.041333 426.1172
0.042667 -596.8828
0.044000 -596.8828
0.045333 426.1172
0.046667 426.1172
0.048000 426.1172
0.049333 -596.8828
0.050667 -596.8828
0.052000 426.1172
0.053333 426.1172
0.054667 426.1172
0.056000 -596.8828
0.057333 -596.8828
0.058667 426.1172
0.060000 426.1172
0.061333 426.1172
0.062667 426.1172
0.064000 -596.8828
0.065333 -596.8828
0.066667 426.1172
0.068000 426.1172
0.069333 -596.8828
0.070667 -596.8828
0.072000 -596.8828
0.073333 426.1172
0.074667 426.1172
0.076000 426.1172
0.077333 -596.8828
0.078667 -596.8828
0.080000 426.1172
0.081333 426.1172
0.082667 426.1172
0.084000 -596.8828
0.085333 -596.8828
0.086667 426.1172
0.088000 426.1172
0.089333 426.1172
0.090667 -596.8828
0.092000 -596.8828
0.093333 426.1172
0.094667 426.1172
0.096000 426.1172
0.097333 -596.8828
0.098667 -596.8828
0.100000 426.1172
0.101333 426.1172
0.102667 426.1172
0.104000 426.1172
0.105333 -596.8828
0.106667 -596.8828
0.108000 426.1172
0.109333 426.1172
0.110667 -596.8828
0.112000 -596.8828
0.113333 -596.8828
0.114667 426.1172
0.116000 426.1172
0.117333 426.1172
0.118667 -596.8828
0.120000 -596.8828
0.121333 426.1172
0.122667 426.1172
0.124000 426.1172
0.125333 -596.8828
0.126667 -596.8828
0.128000 426.1172
0.129333 426.1172
0.130667 426.1172
0.132000 -596.8828
0.133333 -596.8828
0.134667 426.1172
0.136000 426.1172
0.137333 426.1172
0.138667 426.1172
0.140000 -596.8828
0.141333 426.1172
0.142667 426.1172
0.144000 426.1172
0.145333 426.1172
0.146667 -596.8828
0.148000 -596.8828
0.149333 426.1172
0.150667 426.1172
0.152000 426.1172
0.153333 -596.8828
0.154667 -596.8828
0.156000 426.1172
0.157333 426.1172
0.158667 426.1172
0.160000 -596.8828
0.161333 -596.8828
0.162667 426.1172
0.164000 426.1172
0.165333 426.1172
0.166667 -596.8828
0.168000 -596.8828
0.169333 -596.8828