0.000000 60.0625
0.001333 60.0625
0.002667 60.0625
0.004000 60.0625
0.005333 -57.9375
0.006667 -57.9375
0.008000 -57.9375
0.009333 -57.9375
0.010667 -57.9375
0.012000 60.0625
0.013333 59.0625
0.014667 60.0625
0.016000 60.0625
0.017333 -57.9375
0.018667 -57.9375
0.020000 -57.9375
0.021333 -57.9375
0.022667 -57.9375
0.024000 60.0625
0.025333 60.0625
0.026667 60.0625
0.028000 60.0625
0.029333 60.0625
0.030667 -57.9375
0.032000 -57.9375
0.033333 -57.9375
0.034667 -57.9375
0.036000 60.0625
0.037333 59.0625
0.038667 60.0625
0.040000 60.0625
0.041333 60.0625
0.042667 -57.9375
0.044000 -57.9375
0.045333 -57.9375
0.046667 -57.9375
0.048000 60.0625
0.049333 61.0625
0.050667 60.0625
0.052000 59.0625
0.053333 59.0625
0.054667 -57.9375
0.056000 -57.9375
0.057333 -57.9375
0.058667 -57.9375
0.060000 51.0625
0.061333 60.0625
0.062667 60.0625
0.064000 59.0625
0.065333 59.0625
0.066667 -57.9375
0.068000 -57.9375
0.069333 -57.9375
0.070667 -57.9375
0.072000 -57.9375
0.073333 60.0625
0.074667 60.0625
0.076000 60.0625
0.077333 60.0625
0.078667 -57.9375
0.080000 -57.9375
0.081333 -57.9375
0.082667 -57.9375
0.084000 -57.9375
0.085333 59.0625
0.086667 60.0625
0.088000 60.0625
0.089333 60.0625
0.090667 -57.9375
0.092000 -57.9375
0.093333 -57.9375
0.094667 -57.9375
0.096000 -57.9375
0.097333 60.0625
0.098667 61.0625
0.100000 60.0625
0.101333 60.0625
0.102667 60.0625
0.104000 -57.9375
0.105333 -57.9375
0.106667 -57.9375
0.108000 -57.9375
0.109333 60.0625
0.110667 59.0625
0.112000 61.0625
0.113333 60.0625
0.114667 60.0625
0.116000 -57.9375
0.117333 -57.9375
0.118667 -57.9375
0.120000 -57.9375
0.121333 60.0625
0.122667 60.0625
0.124000 59.0625
0.125333 59.0625
0.126667 61.0625
0.128000 -57.9375
0.129333 -57.9375
0.130667 -57.9375
0.132000 -57.9375
0.133333 -57.9375
0.134667 59.0625
0.136000 60.0625
0.137333 60.0625
0.138667 59.0625
0.140000 -57.9375
0.141333 -57.9375
0.142667 -57.9375
0.144000 -57.9375
0.145333 -57.9375
0.146667 60.0625
0.148000 60.0625
0.149333 60.0625
0.150667 60.0625
0.152000 -57.9375
0.153333 -57.9375
0.154667 -57.9375
0.156000 -57.9375
0.157333 -57.9375
0.158667 60.0625
0.160000 60.0625
0.161333 60.0625
0.162667 59.0625
0.164000 -57.9375
0.165333 -57.9375
0.166667 -57.9375
0.168000 -57.9375
0.169333 -57.9375