0.000000 112.3047
0.001333 113.3047
0.002667 112.3047
0.004000 113.3047
0.005333 113.3047
0.006667 -112.6953
0.008000 -112.6953
0.009333 -112.6953
0.010667 -112.6953
0.012000 -112.6953
0.013333 113.3047
0.014667 112.3047
0.016000 113.3047
0.017333 112.3047
0.018667 -112.6953
0.020000 -112.6953
0.021333 -112.6953
0.022667 -112.6953
0.024000 -112.6953
0.025333 112.3047
0.026667 113.3047
0.028000 112.3047
0.029333 112.3047
0.030667 -112.6953
0.032000 -112.6953
0.033333 -112.6953
0.034667 -112.6953
0.036000 -112.6953
0.037333 112.3047
0.038667 113.3047
0.040000 113.3047
0.041333 112.3047
0.042667 -112.6953
0.044000 -112.6953
0.045333 -112.6953
0.046667 -112.6953
0.048000 -112.6953
0.049333 112.3047
0.050667 112.3047
0.052000 112.3047
0.053333 113.3047
0.054667 113.3047
0.056000 -112.6953
0.057333 -112.6953
0.058667 -112.6953
0.060000 -112.6953
0.061333 113.3047
0.062667 113.3047
0.064000 113.3047
0.065333 112.3047
0.066667 113.3047
0.068000 -112.6953
0.069333 -112.6953
0.070667 -112.6953
0.072000 -112.6953
0.073333 112.3047
0.074667 112.3047
0.076000 113.3047
0.077333 112.3047
0.078667 113.3047
0.080000 -112.6953
0.081333 -112.6953
0.082667 -112.6953
0.084000 -112.6953
0.085333 112.3047
0.086667 112.3047
0.088000 112.3047
0.089333 112.3047
0.090667 113.3047
0.092000 -112.6953
0.093333 -112.6953
0.094667 -112.6953
0.096000 -112.6953
0.097333 -112.6953
0.098667 112.3047
0.100000 113.3047
0.101333 113.3047
0.102667 113.3047
0.104000 -112.6953
0.105333 -112.6953
0.106667 -112.6953
0.108000 -112.6953
0.109333 -112.6953
0.110667 112.3047
0.112000 112.3047
0.113333 113.3047
0.114667 112.3047
0.116000 -112.6953
0.117333 -112.6953
0.118667 -112.6953
0.120000 -112.6953
0.121333 -112.6953
0.122667 112.3047
0.124000 113.3047
0.125333 112.3047
0.126667 112.3047
0.128000 -112.6953
0.129333 -112.6953
0.130667 -112.6953
0.132000 -112.6953
0.133333 -112.6953
0.134667 113.3047
0.136000 112.3047
0.137333 112.3047
0.138667 113.3047
0.140000 112.3047
0.141333 -112.6953
0.142667 -112.6953
0.144000 -112.6953
0.145333 -112.6953
0.146667 112.3047
0.148000 113.3047
0.149333 112.3047
0.150667 112.3047
0.152000 112.3047
0.153333 -112.6953
0.154667 -112.6953
0.156000 -112.6953
0.157333 -112.6953
0.158667 112.3047
0.160000 112.3047
0.161333 112.3047
0.162667 112.3047
0.164000 112.3047
0.165333 -112.6953
0.166667 -112.6953
0.168000 -112.6953
0.169333 -112.6953
