0.000000 533.8438
0.001333 534.8438
0.002667 -457.1563
0.004000 -457.1563
0.005333 -457.1563
0.006667 -457.1563
0.008000 -457.1563
0.009333 -457.1563
0.010667 537.8438
0.012000 538.8438
0.013333 381.8438
0.014667 -457.1563
0.016000 -457.1563
0.017333 -457.1563
0.018667 -457.1563
0.020000 537.8438
0.021333 535.8438
0.022667 536.8438
0.024000 534.8438
0.025333 535.8438
0.026667 -457.1563
0.028000 -457.1563
0.029333 -457.1563
0.030667 -457.1563
0.032000 -457.1563
0.033333 -457.1563
0.034667 538.8438
0.036000 537.8438
0.037333 535.8438
0.038667 -457.1563
0.040000 -457.1563
0.041333 -457.1563
0.042667 -457.1563
0.044000 537.8438
0.045333 537.8438
0.046667 533.8438
0.048000 536.8438
0.049333 535.8438
0.050667 -457.1563
0.052000 -457.1563
0.053333 -457.1563
0.054667 -457.1563
0.056000 -457.1563
0.057333 537.8438
0.058667 534.8438
0.060000 535.8438
0.061333 533.8438
0.062667 532.8438
0.064000 -457.1563
0.065333 -457.1563
0.066667 -457.1563
0.068000 -457.1563
0.069333 -457.1563
0.070667 542.8438
0.072000 536.8438
0.073333 536.8438
0.074667 -457.1563
0.076000 -457.1563
0.077333 -457.1563
0.078667 -457.1563
0.080000 -217.1562
0.081333 536.8438
0.082667 535.8438
0.084000 534.8438
0.085333 534.8438
0.086667 534.8438
0.088000 -457.1563
0.089333 -457.1563
0.090667 -457.1563
0.092000 -457.1563
0.093333 -457.1563
0.094667 350.8438
0.096000 536.8438
0.097333 534.8438
0.098667 534.8438
0.100000 -457.1563
0.101333 -457.1563
0.102667 -457.1563
0.104000 -457.1563
0.105333 535.8438
0.106667 535.8438
0.108000 535.8438
0.109333 534.8438
0.110667 535.8438
0.112000 -457.1563
0.113333 -457.1563
0.114667 -457.1563
0.116000 -457.1563
0.117333 541.8438
0.118667 537.8438
0.120000 536.8438
0.121333 531.8438
0.122667 533.8438
0.124000 532.8438
0.125333 -457.1563
0.126667 -457.1563
0.128000 -457.1563
0.129333 -457.1563
0.130667 -457.1563
0.132000 539.8438
0.133333 534.8438
0.134667 536.8438
0.136000 -457.1563
0.137333 -457.1563
0.138667 -457.1563
0.140000 -457.1563
0.141333 534.8438
0.142667 536.8438
0.144000 535.8438
0.145333 535.8438
0.146667 533.8438
0.148000 -457.1563
0.149333 -457.1563
0.150667 -457.1563
0.152000 -457.1563
0.153333 -457.1563
0.154667 -457.1563
0.156000 540.8438
0.157333 538.8438
0.158667 537.8438
0.160000 536.8438
0.161333 -457.1563
0.162667 -457.1563
0.164000 -457.1563
0.165333 -457.1563
0.166667 -457.1563
0.168000 -457.1563
0.169333 537.8438