0.000000 -111.2656
0.001333 114.7344
0.002667 -111.2656
0.004000 -111.2656
0.005333 114.7344
0.006667 -111.2656
0.008000 114.7344
0.009333 -111.2656
0.010667 114.7344
0.012000 -111.2656
0.013333 114.7344
0.014667 125.7344
0.016000 -111.2656
0.017333 114.7344
0.018667 -111.2656
0.020000 113.7344
0.021333 -111.2656
0.022667 114.7344
0.024000 -111.2656
0.025333 115.7344
0.026667 114.7344
0.028000 -111.2656
0.029333 114.7344
0.030667 -111.2656
0.032000 114.7344
0.033333 -111.2656
0.034667 114.7344
0.036000 -111.2656
0.037333 -111.2656
0.038667 114.7344
0.040000 -111.2656
0.041333 114.7344
0.042667 -111.2656
0.044000 114.7344
0.045333 -111.2656
0.046667 114.7344
0.048000 114.7344
0.049333 -111.2656
0.050667 114.7344
0.052000 -111.2656
0.053333 114.7344
0.054667 -111.2656
0.056000 114.7344
0.057333 -111.2656
0.058667 -111.2656
0.060000 114.7344
0.061333 -111.2656
0.062667 114.7344
0.064000 -111.2656
0.065333 114.7344
0.066667 -111.2656
0.068000 114.7344
0.069333 114.7344
0.070667 -111.2656
0.072000 114.7344
0.073333 -111.2656
0.074667 113.7344
0.076000 -111.2656
0.077333 114.7344
0.078667 -111.2656
0.080000 -111.2656
0.081333 113.7344
0.082667 -111.2656
0.084000 114.7344
0.085333 -111.2656
0.086667 114.7344
0.088000 -111.2656
0.089333 114.7344
0.090667 -111.2656
0.092000 -111.2656
0.093333 114.7344
0.094667 -111.2656
0.096000 114.7344
0.097333 -111.2656
0.098667 114.7344
0.100000 -111.2656
0.101333 114.7344
0.102667 115.7344
0.104000 -111.2656
0.105333 113.7344
0.106667 -111.2656
0.108000 114.7344
0.109333 -111.2656
0.110667 114.7344
0.112000 -111.2656
0.113333 -111.2656
0.114667 114.7344
0.116000 -111.2656
0.117333 113.7344
0.118667 -111.2656
0.120000 113.7344
0.121333 -111.2656
0.122667 114.7344
0.124000 114.7344
0.125333 -111.2656
0.126667 114.7344
0.128000 -111.2656
0.129333 114.7344
0.130667 -111.2656
0.132000 114.7344
0.133333 -111.2656
0.134667 -111.2656
0.136000 113.7344
0.137333 -111.2656
0.138667 114.7344
0.140000 -111.2656
0.141333 114.7344
0.142667 -111.2656
0.144000 114.7344
0.145333 114.7344
0.146667 -111.2656
0.148000 113.7344
0.149333 -111.2656
0.150667 114.7344
0.152000 -111.2656
0.153333 114.7344
0.154667 -111.2656
0.156000 -111.2656
0.157333 114.7344
0.158667 -111.2656
0.160000 113.7344
0.161333 -111.2656
0.162667 114.7344
0.164000 -111.2656
0.165333 114.7344
0.166667 -111.2656
0.168000 -111.2656
0.169333 114.7344