0.000000 -577.9063
0.001333 445.0938
0.002667 -577.9063
0.004000 445.0938
0.005333 -577.9063
0.006667 445.0938
0.008000 -577.9063
0.009333 445.0938
0.010667 445.0938
0.012000 -577.9063
0.013333 445.0938
0.014667 -577.9063
0.016000 445.0938
0.017333 -577.9063
0.018667 445.0938
0.020000 445.0938
0.021333 -251.9062
0.022667 445.0938
0.024000 -577.9063
0.025333 445.0938
0.026667 -577.9063
0.028000 445.0938
0.029333 -577.9063
0.030667 445.0938
0.032000 445.0938
0.033333 -577.9063
0.034667 445.0938
0.036000 -577.9063
0.037333 445.0938
0.038667 -577.9063
0.040000 445.0938
0.041333 -101.9063
0.042667 239.0937
0.044000 445.0938
0.045333 -577.9063
0.046667 445.0938
0.048000 -577.9063
0.049333 445.0938
0.050667 -577.9063
0.052000 445.0938
0.053333 445.0938
0.054667 -120.9063
0.056000 445.0938
0.057333 -577.9063
0.058667 445.0938
0.060000 -577.9063
0.061333 445.0938
0.062667 -577.9063
0.064000 81.0938
0.065333 445.0938
0.066667 -577.9063
0.068000 445.0938
0.069333 -577.9063
0.070667 445.0938
0.072000 -577.9063
0.073333 445.0938
0.074667 445.0938
0.076000 445.0938
0.077333 445.0938
0.078667 -577.9063
0.080000 445.0938
0.081333 -577.9063
0.082667 445.0938
0.084000 -577.9063
0.085333 352.0938
0.086667 445.0938
0.088000 -577.9063
0.089333 445.0938
0.090667 -577.9063
0.092000 445.0938
0.093333 -577.9063
0.094667 445.0938
0.096000 -164.9062
0.097333 445.0938
0.098667 445.0938
0.100000 -577.9063
0.101333 445.0938
0.102667 -577.9063
0.104000 445.0938
0.105333 -577.9063
0.106667 445.0938
0.108000 372.0938
0.109333 -577.9063
0.110667 445.0938
0.112000 -577.9063
0.113333 445.0938
0.114667 -577.9063
0.116000 445.0938
0.117333 -577.9063
0.118667 445.0938
0.120000 445.0938
0.121333 -577.9063
0.122667 445.0938
0.124000 -577.9063
0.125333 445.0938
0.126667 -577.9063
0.128000 445.0938
0.129333 -308.9063
0.130667 400.0938
0.132000 445.0938
0.133333 -577.9063
0.134667 445.0938
0.136000 -577.9063
0.137333 445.0938
0.138667 -577.9063
0.140000 445.0938
0.141333 445.0938
0.142667 -577.9063
0.144000 445.0938
0.145333 -577.9063
0.146667 445.0938
0.148000 -577.9063
0.149333 445.0938
0.150667 -577.9063
0.152000 445.0938
0.153333 445.0938
0.154667 -577.9063
0.156000 445.0938
0.157333 -577.9063
0.158667 445.0938
0.160000 -577.9063
0.161333 445.0938
0.162667 -398.9063
0.164000 -577.9063
0.165333 445.0938
0.166667 -577.9063
0.168000 445.0938
0.169333 -577.9063