0.000000 0.0000
0.001333 0.0000
0.002667 1023.0000
0.004000 1023.0000
0.005333 0.0000
0.006667 0.0000
0.008000 1023.0000
0.009333 1023.0000
0.010667 0.0000
0.012000 0.0000
0.013333 1023.0000
0.014667 670.0000
0.016000 0.0000
0.017333 0.0000
0.018667 1023.0000
0.020000 0.0000
0.021333 1023.0000
0.022667 0.0000
0.024000 1023.0000
0.025333 0.0000
0.026667 1023.0000
0.028000 1023.0000
0.029333 1023.0000
0.030667 0.0000
0.032000 0.0000
0.033333 267.0000
0.034667 1023.0000
0.036000 0.0000
0.037333 0.0000
0.038667 1023.0000
0.040000 1023.0000
0.041333 1023.0000
0.042667 0.0000
0.044000 1023.0000
0.045333 1023.0000
0.046667 1023.0000
0.048000 0.0000
0.049333 1023.0000
0.050667 11.0000
0.052000 0.0000
0.053333 0.0000
0.054667 1023.0000
0.056000 0.0000
0.057333 0.0000
0.058667 486.0000
0.060000 1023.0000
0.061333 0.0000
0.062667 0.0000
0.064000 1023.0000
0.065333 1023.0000
0.066667 1023.0000
0.068000 0.0000
0.069333 1023.0000
0.070667 1023.0000
0.072000 0.0000
0.073333 0.0000
0.074667 243.0000
0.076000 0.0000
0.077333 1023.0000
0.078667 0.0000
0.080000 1023.0000
0.081333 1023.0000
0.082667 1023.0000
0.084000 0.0000
0.085333 1023.0000
0.086667 1023.0000
0.088000 1023.0000
0.089333 1023.0000
0.090667 1023.0000
0.092000 0.0000
0.093333 0.0000
0.094667 968.0000
0.096000 1023.0000
0.097333 0.0000
0.098667 0.0000
0.100000 1023.0000
0.101333 1023.0000
0.102667 1023.0000
0.104000 0.0000
0.105333 1023.0000
0.106667 1023.0000
0.108000 1023.0000
0.109333 0.0000
0.110667 1023.0000
0.112000 0.0000
0.113333 0.0000
0.114667 0.0000
0.116000 1023.0000
0.117333 0.0000
0.118667 0.0000
0.120000 1023.0000
0.121333 1023.0000
0.122667 1023.0000
0.124000 0.0000
0.125333 1023.0000
0.126667 1023.0000
0.128000 1023.0000
0.129333 0.0000
0.130667 1023.0000
0.132000 1023.0000
0.133333 0.0000
0.134667 0.0000
0.136000 0.0000
0.137333 923.0000
0.138667 1023.0000
0.140000 0.0000
0.141333 1023.0000
0.142667 1023.0000
0.144000 1023.0000
0.145333 944.0000
0.146667 1023.0000
0.148000 1023.0000
0.149333 1023.0000
0.150667 1023.0000
0.152000 1023.0000
0.153333 0.0000
0.154667 0.0000
0.156000 363.0000
0.157333 1023.0000
0.158667 1023.0000
0.160000 0.0000
0.161333 1023.0000
0.162667 1023.0000
0.164000 1023.0000
0.165333 0.0000
0.166667 1023.0000
0.168000 1023.0000
0.169333 1023.0000