0.000000 -113.9453
0.001333 110.0547
0.002667 111.0547
0.004000 -113.9453
0.005333 -113.9453
0.006667 111.0547
0.008000 111.0547
0.009333 -113.9453
0.010667 111.0547
0.012000 110.0547
0.013333 -113.9453
0.014667 -113.9453
0.016000 110.0547
0.017333 111.0547
0.018667 -113.9453
0.020000 -113.9453
0.021333 111.0547
0.022667 110.0547
0.024000 -113.9453
0.025333 -113.9453
0.026667 111.0547
0.028000 111.0547
0.029333 -113.9453
0.030667 -113.9453
0.032000 110.0547
0.033333 111.0547
0.034667 -113.9453
0.036000 -113.9453
0.037333 110.0547
0.038667 110.0547
0.040000 -113.9453
0.041333 111.0547
0.042667 111.0547
0.044000 -113.9453
0.045333 -113.9453
0.046667 110.0547
0.048000 110.0547
0.049333 -113.9453
0.050667 -113.9453
0.052000 110.0547
0.053333 110.0547
0.054667 -113.9453
0.056000 -113.9453
0.057333 111.0547
0.058667 110.0547
0.060000 -113.9453
0.061333 -113.9453
0.062667 110.0547
0.064000 110.0547
0.065333 -113.9453
0.066667 -113.9453
0.068000 111.0547
0.069333 -113.9453
0.070667 -113.9453
0.072000 110.0547
0.073333 111.0547
0.074667 -113.9453
0.076000 -113.9453
0.077333 110.0547
0.078667 110.0547
0.080000 -113.9453
0.081333 -113.9453
0.082667 111.0547
0.084000 110.0547
0.085333 -113.9453
0.086667 -113.9453
0.088000 110.0547
0.089333 110.0547
0.090667 -113.9453
0.092000 -113.9453
0.093333 110.0547
0.094667 111.0547
0.096000 -113.9453
0.097333 -113.9453
0.098667 111.0547
0.100000 -113.9453
0.101333 -113.9453
0.102667 110.0547
0.104000 110.0547
0.105333 -113.9453
0.106667 -113.9453
0.108000 110.0547
0.109333 111.0547
0.110667 -113.9453
0.112000 -113.9453
0.113333 111.0547
0.114667 111.0547
0.116000 -113.9453
0.117333 -113.9453
0.118667 110.0547
0.120000 110.0547
0.121333 -113.9453
0.122667 -113.9453
0.124000 111.0547
0.125333 110.0547
0.126667 -113.9453
0.128000 110.0547
0.129333 110.0547
0.130667 -113.9453
0.132000 -113.9453
0.133333 110.0547
0.134667 110.0547
0.136000 -113.9453
0.137333 -113.9453
0.138667 110.0547
0.140000 111.0547
0.141333 -113.9453
0.142667 -113.9453
0.144000 110.0547
0.145333 110.0547
0.146667 -113.9453
0.148000 -113.9453
0.149333 111.0547
0.150667 111.0547
0.152000 -113.9453
0.153333 -113.9453
0.154667 110.0547
0.156000 110.0547
0.157333 -113.9453
0.158667 110.0547
0.160000 110.0547
0.161333 -113.9453
0.162667 -113.9453
0.164000 110.0547
0.165333 110.0547
0.166667 -113.9453
0.168000 -113.9453
0.169333 111.0547