0.000000 -476.0469
0.001333 505.9531
0.002667 456.9531
0.004000 -476.0469
0.005333 -476.0469
0.006667 506.9531
0.008000 -476.0469
0.009333 -476.0469
0.010667 512.9531
0.012000 505.9531
0.013333 -476.0469
0.014667 -476.0469
0.016000 508.9531
0.017333 505.9531
0.018667 -476.0469
0.020000 -476.0469
0.021333 510.9531
0.022667 504.9531
0.024000 -476.0469
0.025333 -476.0469
0.026667 507.9531
0.028000 503.9531
0.029333 -476.0469
0.030667 -476.0469
0.032000 507.9531
0.033333 506.9531
0.034667 -476.0469
0.036000 512.9531
0.037333 505.9531
0.038667 -476.0469
0.040000 -476.0469
0.041333 -476.0469
0.042667 504.9531
0.044000 -476.0469
0.045333 -476.0469
0.046667 509.9531
0.048000 505.9531
0.049333 -476.0469
0.050667 -476.0469
0.052000 506.9531
0.053333 505.9531
0.054667 -476.0469
0.056000 -476.0469
0.057333 505.9531
0.058667 503.9531
0.060000 -476.0469
0.061333 -476.0469
0.062667 505.9531
0.064000 -476.0469
0.065333 -476.0469
0.066667 514.9531
0.068000 505.9531
0.069333 -476.0469
0.070667 -476.0469
0.072000 508.9531
0.073333 505.9531
0.074667 -476.0469
0.076000 -476.0469
0.077333 505.9531
0.078667 505.9531
0.080000 -476.0469
0.081333 -476.0469
0.082667 506.9531
0.084000 506.9531
0.085333 -476.0469
0.086667 -476.0469
0.088000 507.9531
0.089333 506.9531
0.090667 -476.0469
0.092000 514.9531
0.093333 504.9531
0.094667 503.9531
0.096000 -476.0469
0.097333 511.9531
0.098667 505.9531
0.100000 -476.0469
0.101333 -476.0469
0.102667 516.9531
0.104000 506.9531
0.105333 -476.0469
0.106667 -476.0469
0.108000 508.9531
0.109333 506.9531
0.110667 -476.0469
0.112000 -476.0469
0.113333 504.9531
0.114667 501.9531
0.116000 -476.0469
0.117333 -476.0469
0.118667 506.9531
0.120000 -476.0469
0.121333 -476.0469
0.122667 -476.0469
0.124000 507.9531
0.125333 -476.0469
0.126667 -476.0469
0.128000 513.9531
0.129333 505.9531
0.130667 -476.0469
0.132000 -476.0469
0.133333 505.9531
0.134667 502.9531
0.136000 -476.0469
0.137333 -476.0469
0.138667 509.9531
0.140000 505.9531
0.141333 -476.0469
0.142667 -476.0469
0.144000 510.9531
0.145333 506.9531
0.146667 -476.0469
0.148000 -476.0469
0.149333 505.9531
0.150667 503.9531
0.152000 -476.0469
0.153333 507.9531
0.154667 505.9531
0.156000 -476.0469
0.157333 -476.0469
0.158667 -476.0469
0.160000 506.9531
0.161333 -476.0469
0.162667 -476.0469
0.164000 514.9531
0.165333 505.9531
0.166667 -476.0469
0.168000 -476.0469
0.169333 509.9531